 NAIVE_BAYES
RED wines 
 import pandas as pd

 from sklearn.model_selection import train_test_split

 from sklearn import preprocessing

 from sklean import naive_bayes

 from sklearn import naive_bayes

 from data_util import *

 red = pd.read_csv('./data/wineQualityReds.csv')

 features = list(red)

 features.remove('quality')

: x = red[features]

: y = red['quality']

: x_train, x_test, y_train, y_test = train_test_split(x, y, test_size =
: 0.3, random_state = 4)

: gnb_mod = naive_bayes.GaussianNB()

: gnb_mod.fit(x_train, y_train)
: GaussianNB(priors=None)

: preds = gnb_mod.predict(x_test)
 print_multiclass_classif_error_report(y_test, preds)
Accuracy: 0.529166666667
Avg. F1 (Micro): 0.529166666667
Avg. F1 (Macro): 0.306808865879
Avg. F1 (Weighted): 0.528712634034
             precision    recall  f1-score   support

          3       0.17      0.50      0.25         2
          4       0.00      0.00      0.00        15
          5       0.64      0.66      0.65       211
          6       0.50      0.43      0.46       190
          7       0.42      0.56      0.48        59
          8       0.00      0.00      0.00         3

avg / total       0.53      0.53      0.53       480

Confusion Matrix:
[[  1   0   0   1   0   0]
 [  1   0   9   5   0   0]
 [  4  11 139  47   9   1]
 [  0   5  67  81  36   1]
 [  0   0   1  25  33   0]
 [  0   0   0   2   1   0]]
 In [18]: print('(Actual, Predicted):\n' + str(zip(y_test, preds)))
(Actual, Predicted):
[(5, 5), (5, 5), (7, 7), (8, 7), (5, 5), (4, 5), (3, 3), (5, 7), (5, 5), (5, 7),
 (6, 6), (7, 7), (4, 5), (5, 6), (6, 6), (6, 5), (5, 5), (6, 6), (6, 5), (4, 5),
 (4, 6), (5, 5), (6, 5), (6, 5), (7, 6), (6, 5), (6, 7), (6, 5), (6, 6), (6, 7),
 (6, 6), (6, 5), (6, 7), (6, 6), (6, 4), (5, 5), (6, 7), (6, 6), (6, 6), (5, 5),
 (5, 7), (6, 7), (6, 6), (6, 7), (6, 5), (6, 7), (6, 5), (7, 7), (6, 5), (5, 5),
 (6, 6), (4, 6), (5, 5), (5, 5), (5, 6), (5, 5), (5, 6), (6, 7), (6, 7), (6, 6),
 (6, 6), (6, 7), (6, 6), (5, 5), (6, 6), (6, 5), (5, 6), (6, 6), (5, 5), (5, 5),
 (6, 6), (6, 5), (6, 7), (6, 7), (6, 5), (5, 5), (5, 4), (5, 5), (5, 5), (7, 7),
 (6, 6), (5, 5), (5, 5), (5, 5), (5, 6), (5, 5), (6, 7), (5, 5), (7, 7), (5, 5),
 (5, 6), (6, 5), (5, 5), (5, 5), (7, 7), (5, 5), (5, 5), (6, 7), (5, 6), (5, 5),
 (5, 5), (7, 6), (6, 5), (5, 5), (6, 5), (5, 5), (5, 6), (5, 5), (5, 5), (6, 7),
 (5, 5), (5, 6), (4, 5), (6, 6), (6, 6), (6, 6), (7, 7), (7, 7), (5, 6), (5, 6),
 (7, 7), (6, 5), (4, 5), (5, 5), (6, 6), (7, 6), (6, 6), (6, 7), (6, 6), (5, 4),
 (5, 5), (5, 6), (5, 6), (5, 6), (6, 7), (5, 6), (5, 5), (5, 5), (7, 7), (6, 5),
 (7, 7), (6, 5), (5, 6), (5, 5), (6, 6), (5, 5), (5, 8), (6, 6), (7, 7), (5, 3),
 (6, 6), (5, 6), (6, 5), (8, 6), (6, 5), (6, 5), (5, 5), (5, 5), (5, 5), (6, 6),
 (7, 7), (4, 6), (7, 7), (5, 5), (5, 5), (7, 6), (6, 6), (5, 4), (5, 5), (6, 6),
 (5, 5), (5, 6), (5, 5), (5, 4), (5, 4), (5, 6), (7, 6), (7, 6), (5, 4), (7, 6),
 (6, 5), (5, 5), (7, 7), (5, 5), (7, 7), (4, 6), (5, 5), (7, 6), (6, 7), (5, 5),
 (6, 6), (5, 7), (5, 3), (6, 6), (7, 6), (6, 6), (6, 7), (6, 6), (6, 6), (6, 5),
 (6, 5), (6, 6), (5, 5), (7, 7), (6, 6), (5, 5), (5, 4), (6, 6), (7, 7), (5, 5),
 (5, 6), (5, 6), (7, 5), (3, 6), (5, 5), (6, 6), (5, 6), (6, 6), (7, 7), (5, 6),
 (6, 5), (6, 6), (7, 6), (5, 5), (5, 5), (5, 6), (5, 5), (6, 6), (5, 6), (5, 6),
 (5, 5), (7, 6), (6, 6), (5, 6), (6, 5), (5, 5), (5, 5), (5, 5), (5, 5), (7, 6),
 (5, 3), (5, 4), (6, 6), (7, 6), (5, 5), (5, 5), (5, 5), (7, 6), (5, 5), (6, 7),
 (5, 5), (5, 6), (5, 6), (5, 4), (6, 7), (6, 5), (5, 4), (5, 5), (6, 5), (6, 6),
 (5, 5), (5, 6), (5, 7), (5, 5), (6, 6), (5, 4), (6, 5), (6, 5), (5, 5), (5, 5),
 (6, 5), (6, 7), (7, 6), (6, 6), (5, 5), (5, 5), (6, 7), (6, 6), (7, 7), (6, 5),
 (5, 5), (5, 5), (5, 5), (5, 5), (5, 5), (5, 5), (6, 5), (6, 6), (5, 5), (6, 5),
 (5, 6), (6, 7), (7, 7), (6, 5), (5, 5), (7, 7), (5, 5), (6, 6), (5, 5), (6, 5),
 (7, 7), (4, 5), (5, 5), (6, 6), (6, 6), (5, 5), (5, 5), (6, 6), (5, 5), (5, 5),
 (7, 7), (5, 5), (6, 7), (6, 6), (5, 5), (5, 5), (7, 7), (6, 6), (4, 3), (6, 6),
 (5, 6), (6, 7), (5, 6), (6, 6), (5, 5), (6, 7), (6, 7), (7, 7), (4, 5), (5, 5),
 (7, 7), (6, 5), (6, 7), (5, 5), (6, 5), (7, 6), (6, 8), (5, 6), (5, 6), (5, 5),
 (7, 6), (4, 5), (6, 5), (5, 5), (5, 6), (6, 6), (5, 5), (5, 5), (6, 5), (6, 5),
 (6, 5), (6, 6), (5, 3), (5, 5), (5, 5), (6, 6), (6, 5), (5, 5), (5, 5), (6, 6),
 (5, 6), (5, 5), (6, 5), (5, 7), (6, 5), (5, 5), (5, 5), (4, 6), (7, 7), (5, 5),
 (6, 6), (6, 6), (6, 5), (7, 7), (6, 6), (5, 5), (6, 5), (6, 4), (7, 6), (5, 5),
 (6, 7), (5, 6), (6, 5), (6, 6), (5, 5), (6, 5), (5, 6), (5, 5), (7, 6), (7, 6),
 (5, 5), (6, 7), (6, 7), (5, 5), (5, 6), (6, 5), (5, 5), (5, 5), (6, 6), (5, 5),
 (6, 6), (6, 5), (6, 7), (6, 5), (5, 5), (7, 7), (6, 6), (6, 7), (5, 5), (5, 6),
 (5, 5), (5, 6), (6, 6), (6, 6), (6, 4), (5, 5), (6, 5), (6, 5), (5, 6), (6, 6),
 (6, 6), (5, 6), (5, 5), (7, 7), (7, 6), (5, 5), (5, 5), (6, 6), (7, 6), (5, 7),
 (6, 6), (6, 6), (6, 4), (6, 7), (6, 6), (6, 5), (5, 5), (5, 5), (5, 6), (6, 6),
 (5, 5), (6, 5), (6, 6), (7, 6), (5, 7), (6, 6), (6, 6), (5, 6), (6, 5), (6, 5),
 (7, 6), (7, 7), (6, 4), (6, 6), (6, 5), (6, 5), (5, 6), (5, 5), (7, 6), (5, 5),
 (5, 5), (6, 5), (5, 5), (6, 7), (5, 5), (6, 5), (5, 5), (5, 5), (7, 7), (5, 5),
 (6, 5), (6, 5), (8, 6), (6, 5), (6, 5), (6, 6), (5, 7), (5, 5), (5, 5), (4, 5)]
 _________________________________________________________________________________
 
 
 White wines
 
 white = pd.read_csv('./data/wineQualityWhites.csv')

features = list(white)

features.remove('quality')

x = white[features]

y = white['quality']

x_train, x_test, y_train, y_test = train_test_split(x, y, test_size =
0.3, random_state = 4)

gnb_mod = naive_bayes.GaussianNB()

gnb_mod.fit(x_train, y_train)
GaussianNB(priors=None)

preds = gnb_mod.predict(x_test)

In [28]: print_multiclass_classif_error_report(y_test, preds)
Accuracy: 0.478911564626
Avg. F1 (Micro): 0.478911564626
Avg. F1 (Macro): 0.275756236569
Avg. F1 (Weighted): 0.471026917626
             precision    recall  f1-score   support

          3       0.25      0.12      0.17         8
          4       0.28      0.24      0.26        46
          5       0.51      0.55      0.53       443
          6       0.51      0.48      0.49       666
          7       0.40      0.50      0.45       254
          8       0.50      0.02      0.04        51
          9       0.00      0.00      0.00         2

avg / total       0.48      0.48      0.47      1470

Confusion Matrix:
[[  1   3   0   2   2   0   0]
 [  2  11  11  20   2   0   0]
 [  1  18 245 160  18   1   0]
 [  0   7 195 318 146   0   0]
 [  0   0  24 101 128   0   1]
 [  0   1   6  18  24   1   1]
 [  0   0   0   1   1   0   0]]
 
 In [29]: print('(Actual,Predicted): \n' + str(zip(y_test, preds)))
(Actual,Predicted):
[(6, 5), (5, 5), (6, 6), (6, 6), (5, 5), (6, 5), (7, 7), (5, 4), (5, 5), (8, 6),
 (6, 5), (5, 5), (6, 6), (6, 6), (4, 6), (6, 5), (7, 7), (6, 5), (6, 6), (6, 5),
 (6, 6), (6, 6), (7, 7), (6, 6), (6, 5), (6, 6), (5, 6), (7, 7), (6, 5), (6, 7),
 (5, 6), (6, 6), (4, 6), (6, 6), (7, 7), (6, 5), (5, 6), (7, 7), (6, 5), (5, 6),
 (6, 7), (5, 5), (6, 5), (6, 5), (8, 6), (5, 6), (5, 5), (7, 7), (5, 7), (6, 5),
 (8, 5), (6, 5), (6, 6), (7, 6), (5, 6), (6, 6), (7, 7), (7, 7), (4, 5), (4, 5),
 (5, 7), (6, 7), (7, 7), (8, 6), (5, 5), (5, 6), (4, 6), (6, 6), (4, 4), (6, 5),
 (5, 5), (4, 6), (6, 7), (7, 7), (6, 7), (6, 7), (6, 7), (6, 6), (6, 5), (5, 5),
 (5, 6), (8, 6), (5, 7), (6, 6), (6, 6), (7, 7), (6, 5), (8, 6), (5, 6), (6, 5),
 (8, 6), (6, 6), (7, 7), (5, 6), (6, 6), (7, 7), (7, 7), (5, 5), (5, 6), (6, 6),
 (7, 7), (6, 6), (4, 6), (5, 6), (6, 7), (7, 5), (5, 6), (6, 5), (6, 5), (6, 5),
 (5, 5), (7, 7), (6, 5), (5, 5), (4, 6), (6, 6), (5, 5), (5, 6), (7, 7), (6, 6),
 (6, 6), (6, 5), (6, 6), (6, 7), (5, 4), (5, 5), (8, 7), (6, 7), (5, 5), (7, 7),
 (5, 5), (6, 7), (6, 5), (6, 6), (6, 7), (7, 6), (5, 7), (5, 5), (5, 7), (5, 5),
 (6, 5), (6, 6), (6, 5), (6, 6), (6, 6), (6, 6), (6, 4), (5, 5), (6, 5), (5, 5),
 (7, 6), (5, 6), (7, 6), (6, 6), (8, 5), (6, 6), (6, 7), (6, 6), (6, 6), (6, 6),
 (6, 6), (6, 5), (5, 6), (5, 5), (6, 7), (6, 5), (4, 6), (5, 5), (7, 7), (5, 5),
 (5, 7), (7, 6), (6, 5), (7, 6), (6, 6), (6, 6), (6, 5), (6, 7), (5, 4), (5, 6),
 (5, 6), (6, 6), (6, 6), (5, 6), (5, 7), (5, 6), (5, 5), (6, 6), (6, 6), (5, 6),
 (6, 7), (6, 6), (5, 5), (6, 6), (6, 6), (5, 5), (5, 5), (7, 7), (7, 7), (6, 7),
 (5, 6), (6, 7), (5, 5), (7, 6), (5, 5), (5, 6), (5, 6), (6, 6), (6, 7), (6, 7),
 (7, 6), (6, 4), (6, 6), (6, 5), (5, 6), (6, 6), (7, 6), (5, 5), (6, 6), (6, 6),
 (5, 6), (5, 5), (7, 7), (5, 5), (5, 5), (6, 6), (6, 5), (5, 5), (6, 5), (6, 7),
 (6, 7), (7, 6), (4, 6), (6, 6), (7, 5), (5, 7), (5, 5), (6, 5), (7, 6), (6, 7),
 (7, 7), (5, 6), (5, 6), (5, 5), (6, 5), (6, 7), (5, 5), (6, 5), (6, 6), (5, 5),
 (6, 5), (6, 6), (6, 6), (7, 6), (6, 5), (6, 6), (6, 6), (6, 6), (5, 5), (6, 7),
 (6, 6), (5, 6), (6, 6), (6, 7), (6, 5), (7, 7), (8, 6), (5, 5), (7, 7), (5, 6),
 (7, 6), (5, 5), (6, 5), (7, 6), (6, 6), (4, 6), (5, 5), (5, 3), (6, 6), (6, 5),
 (6, 5), (7, 7), (6, 7), (5, 6), (5, 6), (7, 7), (7, 7), (7, 6), (5, 6), (6, 5),
 (6, 5), (6, 5), (5, 6), (5, 6), (6, 5), (7, 7), (5, 5), (5, 5), (5, 5), (5, 6),
 (6, 5), (4, 5), (6, 6), (5, 5), (6, 6), (6, 6), (5, 5), (6, 7), (8, 7), (6, 6),
 (6, 6), (5, 5), (5, 5), (7, 7), (6, 7), (5, 6), (5, 6), (6, 5), (6, 7), (5, 4),
 (6, 5), (6, 6), (6, 7), (6, 6), (8, 7), (3, 3), (6, 7), (7, 7), (6, 7), (5, 6),
 (6, 5), (5, 6), (5, 5), (5, 5), (6, 5), (6, 6), (6, 5), (6, 7), (5, 5), (7, 6),
 (5, 5), (6, 7), (6, 6), (6, 7), (6, 7), (5, 6), (7, 6), (7, 5), (6, 6), (5, 6),
 (5, 5), (6, 7), (5, 6), (5, 6), (7, 7), (6, 7), (7, 7), (5, 5), (6, 5), (5, 7),
 (6, 6), (5, 5), (6, 6), (7, 6), (6, 6), (8, 6), (6, 6), (6, 6), (6, 5), (6, 6),
 (5, 6), (6, 5), (6, 6), (5, 6), (7, 6), (6, 6), (6, 7), (7, 6), (5, 6), (7, 6),
 (5, 6), (5, 5), (7, 6), (8, 7), (6, 6), (6, 5), (6, 6), (5, 5), (5, 6), (8, 8),
 (6, 5), (5, 6), (7, 6), (6, 6), (8, 7), (3, 6), (5, 6), (6, 6), (6, 6), (6, 5),
 (6, 5), (7, 7), (8, 7), (6, 6), (6, 6), (6, 5), (6, 5), (7, 7), (6, 4), (7, 7),
 (5, 6), (7, 7), (5, 5), (8, 6), (6, 5), (5, 6), (6, 6), (7, 6), (7, 6), (5, 6),
 (5, 6), (6, 5), (5, 5), (5, 5), (7, 7), (6, 6), (5, 5), (5, 6), (7, 7), (6, 5),
 (7, 6), (5, 6), (5, 5), (6, 5), (5, 5), (6, 7), (5, 5), (6, 6), (6, 6), (6, 5),
 (7, 6), (5, 6), (6, 6), (7, 7), (5, 6), (4, 7), (7, 7), (6, 6), (5, 5), (7, 7),
 (5, 5), (3, 7), (7, 9), (6, 6), (6, 6), (6, 6), (6, 6), (6, 6), (6, 6), (6, 6),
 (4, 5), (7, 7), (7, 6), (6, 6), (6, 6), (6, 5), (5, 6), (6, 5), (7, 5), (6, 6),
 (7, 6), (7, 5), (6, 5), (6, 6), (8, 6), (3, 7), (6, 6), (5, 5), (6, 7), (5, 5),
 (6, 5), (5, 5), (6, 7), (5, 5), (7, 7), (6, 6), (7, 7), (5, 5), (6, 6), (5, 6),
 (7, 7), (7, 7), (6, 6), (6, 6), (4, 3), (6, 7), (7, 6), (5, 5), (4, 5), (8, 7),
 (5, 5), (5, 5), (6, 6), (7, 6), (6, 6), (6, 7), (6, 6), (5, 5), (5, 6), (6, 5),
 (6, 6), (7, 7), (5, 6), (8, 7), (4, 6), (7, 7), (5, 5), (6, 6), (6, 5), (8, 7),
 (4, 6), (6, 7), (5, 6), (6, 5), (6, 5), (6, 7), (7, 6), (6, 6), (7, 7), (5, 4),
 (6, 6), (7, 7), (5, 5), (5, 5), (5, 5), (6, 7), (5, 5), (6, 5), (6, 6), (6, 6),
 (7, 6), (6, 7), (6, 5), (5, 5), (4, 5), (6, 7), (6, 6), (7, 7), (5, 5), (5, 4),
 (6, 6), (5, 6), (6, 7), (7, 6), (5, 5), (6, 6), (6, 6), (5, 5), (5, 5), (5, 5),
 (5, 5), (6, 7), (5, 5), (5, 6), (7, 7), (5, 5), (7, 6), (5, 6), (6, 5), (5, 6),
 (5, 5), (5, 5), (6, 6), (8, 6), (6, 6), (5, 5), (6, 6), (5, 4), (8, 6), (5, 6),
 (6, 7), (7, 6), (6, 6), (7, 6), (6, 5), (6, 5), (5, 5), (7, 7), (6, 5), (7, 7),
 (6, 7), (7, 7), (5, 6), (5, 5), (6, 6), (6, 6), (7, 7), (5, 5), (6, 5), (6, 6),
 (6, 5), (6, 7), (6, 6), (6, 5), (7, 6), (6, 6), (5, 7), (5, 5), (6, 5), (7, 6),
 (7, 5), (7, 6), (5, 6), (7, 5), (6, 7), (8, 6), (5, 5), (7, 6), (5, 5), (8, 7),
 (6, 7), (6, 6), (6, 6), (5, 5), (5, 5), (6, 5), (7, 6), (7, 7), (5, 5), (8, 5),
 (6, 6), (5, 6), (7, 5), (6, 5), (5, 5), (6, 6), (5, 5), (8, 7), (6, 5), (5, 6),
 (5, 6), (6, 7), (7, 7), (6, 7), (6, 7), (7, 7), (6, 7), (6, 5), (7, 5), (7, 7),
 (7, 7), (4, 5), (6, 6), (8, 7), (5, 7), (6, 6), (6, 6), (6, 5), (6, 5), (6, 6),
 (5, 6), (6, 5), (7, 7), (6, 6), (6, 7), (6, 5), (5, 5), (6, 7), (6, 4), (5, 5),
 (6, 6), (6, 6), (6, 5), (4, 6), (7, 6), (7, 6), (7, 7), (6, 6), (8, 5), (4, 6),
 (6, 6), (4, 4), (6, 6), (6, 5), (7, 7), (5, 6), (7, 7), (7, 6), (6, 5), (6, 6),
 (6, 6), (6, 7), (8, 7), (6, 5), (6, 6), (7, 6), (6, 6), (6, 5), (5, 5), (7, 6),
 (7, 7), (6, 6), (7, 6), (5, 6), (6, 7), (6, 7), (5, 5), (6, 6), (7, 6), (5, 5),
 (5, 5), (5, 6), (6, 6), (8, 4), (8, 7), (7, 6), (5, 6), (6, 5), (6, 6), (5, 5),
 (5, 5), (6, 5), (7, 5), (6, 6), (6, 7), (5, 6), (6, 5), (6, 6), (5, 5), (7, 6),
 (5, 6), (5, 4), (6, 6), (7, 6), (5, 5), (6, 5), (7, 7), (6, 6), (7, 5), (6, 6),
 (7, 6), (6, 7), (5, 6), (6, 6), (6, 6), (7, 5), (5, 5), (5, 6), (8, 7), (6, 5),
 (5, 5), (7, 7), (6, 6), (6, 5), (6, 6), (6, 7), (6, 7), (6, 5), (5, 5), (6, 7),
 (5, 6), (8, 7), (7, 7), (5, 5), (5, 5), (5, 6), (6, 6), (5, 5), (5, 5), (5, 7),
 (6, 6), (5, 5), (5, 5), (6, 5), (7, 5), (6, 7), (6, 5), (6, 6), (6, 6), (7, 6),
 (6, 7), (6, 6), (6, 7), (7, 6), (6, 6), (6, 6), (5, 6), (6, 7), (6, 6), (6, 6),
 (6, 6), (5, 6), (6, 5), (7, 7), (6, 6), (4, 6), (6, 5), (5, 6), (6, 7), (6, 5),
 (7, 6), (5, 5), (6, 5), (6, 6), (6, 6), (7, 6), (6, 5), (6, 6), (4, 4), (7, 7),
 (6, 6), (6, 6), (6, 6), (4, 6), (5, 4), (6, 5), (6, 6), (7, 7), (4, 5), (6, 6),
 (5, 7), (6, 7), (5, 5), (8, 6), (5, 6), (5, 6), (7, 6), (7, 6), (6, 6), (6, 7),
 (7, 6), (5, 5), (5, 5), (7, 7), (8, 6), (6, 6), (5, 5), (6, 7), (6, 5), (8, 5),
 (6, 6), (5, 5), (7, 7), (6, 6), (6, 6), (5, 6), (5, 5), (6, 6), (7, 6), (7, 7),
 (5, 5), (7, 7), (6, 6), (4, 6), (7, 7), (6, 5), (6, 6), (6, 5), (5, 5), (6, 7),
 (5, 6), (5, 5), (6, 7), (6, 6), (4, 6), (7, 7), (6, 5), (6, 7), (8, 7), (7, 6),
 (6, 7), (5, 5), (5, 6), (6, 6), (5, 6), (5, 5), (6, 5), (5, 5), (5, 6), (6, 7),
 (5, 5), (6, 6), (6, 5), (5, 6), (4, 5), (5, 5), (6, 7), (6, 7), (6, 7), (6, 6),
 (6, 5), (8, 6), (5, 5), (6, 5), (6, 5), (7, 7), (6, 6), (6, 7), (6, 6), (6, 6),
 (5, 5), (6, 7), (7, 5), (6, 5), (7, 7), (5, 6), (7, 7), (5, 5), (6, 4), (6, 5),
 (6, 7), (6, 7), (7, 7), (6, 6), (5, 6), (5, 5), (6, 6), (5, 5), (5, 6), (6, 6),
 (7, 7), (7, 6), (5, 5), (6, 6), (5, 6), (6, 5), (6, 6), (5, 5), (5, 5), (7, 7),
 (6, 6), (7, 6), (6, 7), (6, 5), (5, 6), (8, 9), (5, 5), (7, 7), (6, 5), (7, 7),
 (5, 5), (5, 6), (6, 7), (6, 6), (5, 5), (6, 6), (5, 6), (5, 6), (5, 6), (5, 5),
 (6, 7), (9, 6), (6, 7), (6, 5), (7, 7), (7, 6), (5, 5), (6, 7), (5, 5), (6, 7),
 (6, 6), (6, 6), (4, 5), (5, 5), (5, 6), (6, 6), (6, 6), (6, 7), (7, 7), (5, 5),
 (8, 7), (6, 7), (7, 6), (6, 6), (6, 7), (5, 5), (6, 6), (6, 6), (6, 5), (6, 6),
 (6, 6), (6, 5), (6, 5), (6, 5), (5, 6), (6, 6), (5, 6), (7, 5), (5, 5), (6, 6),
 (6, 7), (6, 7), (8, 7), (6, 6), (7, 6), (6, 6), (6, 7), (6, 6), (5, 7), (4, 6),
 (5, 5), (4, 4), (6, 5), (6, 5), (6, 5), (6, 7), (7, 7), (5, 5), (6, 7), (5, 8),
 (6, 6), (6, 6), (6, 6), (5, 5), (6, 6), (7, 6), (6, 6), (6, 6), (6, 5), (4, 4),
 (5, 5), (7, 6), (6, 5), (6, 7), (6, 6), (6, 5), (5, 4), (6, 6), (6, 6), (6, 6),
 (3, 6), (6, 6), (6, 6), (5, 4), (5, 5), (5, 6), (6, 6), (6, 6), (7, 6), (5, 6),
 (6, 5), (7, 6), (7, 7), (6, 5), (6, 5), (6, 5), (7, 7), (5, 5), (5, 5), (6, 6),
 (6, 6), (5, 5), (6, 6), (5, 6), (6, 6), (5, 5), (6, 6), (5, 5), (6, 7), (5, 5),
 (5, 5), (6, 5), (7, 6), (5, 5), (5, 5), (5, 5), (5, 5), (6, 6), (4, 5), (4, 3),
 (7, 5), (7, 7), (5, 5), (6, 6), (6, 6), (6, 7), (6, 6), (5, 6), (5, 6), (7, 7),
 (5, 5), (5, 5), (6, 6), (5, 6), (6, 5), (6, 5), (5, 6), (6, 6), (5, 7), (6, 5),
 (5, 6), (6, 6), (7, 7), (7, 7), (6, 7), (6, 5), (6, 5), (7, 6), (5, 5), (5, 6),
 (7, 6), (4, 4), (6, 6), (6, 5), (5, 6), (6, 6), (8, 7), (6, 7), (6, 6), (5, 5),
 (5, 5), (8, 7), (7, 5), (5, 5), (5, 6), (6, 6), (5, 5), (7, 7), (7, 6), (5, 6),
 (5, 7), (7, 6), (5, 5), (7, 7), (6, 6), (5, 5), (6, 7), (6, 6), (5, 5), (5, 6),
 (5, 6), (6, 5), (6, 5), (5, 5), (6, 6), (6, 5), (7, 7), (6, 6), (5, 5), (7, 7),
 (7, 7), (5, 4), (7, 7), (7, 7), (6, 7), (5, 5), (5, 5), (7, 7), (6, 5), (5, 4),
 (5, 5), (5, 5), (5, 5), (8, 6), (6, 5), (6, 6), (5, 5), (7, 6), (5, 5), (6, 5),
 (5, 5), (7, 7), (7, 7), (4, 4), (5, 5), (5, 6), (5, 5), (5, 6), (5, 5), (5, 6),
 (5, 5), (5, 6), (6, 6), (5, 6), (5, 6), (6, 6), (6, 6), (7, 5), (6, 6), (6, 6),
 (7, 6), (5, 5), (7, 6), (3, 4), (6, 5), (5, 5), (5, 7), (6, 7), (8, 7), (7, 6),
 (6, 7), (5, 6), (6, 7), (6, 5), (4, 4), (6, 5), (6, 5), (6, 6), (6, 6), (6, 5),
 (5, 6), (6, 5), (6, 6), (6, 7), (6, 5), (6, 7), (5, 6), (7, 7), (5, 5), (4, 4),
 (6, 6), (6, 5), (3, 4), (6, 5), (7, 6), (6, 6), (6, 7), (5, 5), (6, 7), (6, 6),
 (6, 6), (7, 6), (5, 6), (6, 4), (6, 5), (5, 5), (6, 6), (6, 6), (6, 5), (6, 5),
 (5, 5), (6, 6), (5, 6), (7, 7), (7, 7), (6, 6), (6, 5), (7, 7), (6, 5), (6, 6),
 (7, 5), (7, 7), (6, 7), (7, 6), (6, 7), (7, 6), (5, 5), (7, 5), (6, 7), (6, 6),
 (7, 6), (5, 6), (5, 5), (5, 5), (5, 5), (6, 5), (5, 5), (5, 6), (6, 7), (5, 6),
 (7, 6), (5, 6), (7, 6), (5, 5), (6, 7), (5, 5), (7, 6), (7, 6), (6, 7), (7, 5),
 (6, 6), (5, 4), (6, 7), (6, 5), (5, 5), (6, 7), (6, 5), (6, 6), (5, 6), (7, 7),
 (4, 4), (5, 5), (6, 5), (8, 7), (5, 5), (5, 5), (7, 5), (7, 6), (5, 5), (7, 7),
 (6, 7), (7, 6), (6, 6), (6, 6), (6, 5), (7, 5), (7, 6), (5, 5), (6, 6), (6, 6),
 (5, 5), (5, 6), (6, 7), (5, 5), (5, 5), (6, 5), (5, 5), (5, 5), (6, 7), (5, 6),
 (6, 5), (5, 5), (5, 6), (6, 7), (5, 6), (6, 7), (6, 7), (7, 7), (5, 6), (5, 6),
 (6, 7), (6, 6), (7, 7), (6, 5), (6, 6), (4, 6), (6, 5), (7, 5), (6, 7), (8, 6),
 (6, 5), (5, 5), (6, 5), (6, 6), (6, 6), (6, 5), (6, 6), (5, 6), (5, 6), (8, 7),
 (5, 6), (7, 6), (7, 7), (7, 7), (6, 6), (6, 6), (6, 6), (7, 6), (5, 5), (6, 6),
 (6, 5), (6, 7), (5, 5), (6, 6), (5, 4), (6, 5), (5, 5), (5, 5), (5, 6), (5, 5),
 (6, 6), (6, 7), (4, 7), (6, 7), (6, 5), (6, 6), (6, 5), (5, 5), (6, 6), (5, 5),
 (6, 7), (7, 7), (7, 7), (6, 5), (6, 6), (5, 6), (6, 6), (6, 7), (5, 5), (5, 5),
 (7, 7), (6, 6), (6, 6), (5, 6), (6, 5), (5, 5), (5, 6), (7, 7), (5, 4), (5, 5),
 (6, 6), (5, 7), (5, 5), (7, 7), (7, 7), (6, 7), (6, 6), (6, 6), (6, 6), (6, 6),
 (7, 6), (6, 5), (5, 6), (8, 5), (5, 5), (6, 6), (6, 6), (6, 7), (6, 6), (7, 7),
 (4, 4), (5, 5), (7, 6), (5, 6), (5, 6), (6, 7), (6, 5), (5, 6), (5, 5), (5, 5),
 (6, 7), (7, 6), (5, 5), (6, 6), (5, 6), (9, 7), (6, 4), (6, 5), (6, 6), (7, 6),
 (6, 6), (6, 6), (5, 4), (6, 6), (5, 5), (6, 6), (6, 6), (6, 7), (6, 6), (6, 7),
 (7, 6), (5, 5), (4, 6), (6, 6), (6, 5), (5, 4), (6, 6), (7, 7), (5, 5), (5, 5),
 (7, 7), (5, 5), (6, 5), (6, 5), (6, 5), (5, 6), (5, 6), (7, 7), (5, 6), (3, 4),
 (6, 6), (6, 6), (5, 6), (6, 6), (6, 5), (7, 6), (6, 6), (6, 6), (6, 6), (7, 6)]
